3 0.898918 295.51 472.06 342.50 528.67 0
3 0.898327 631.23 427.57 672.37 472.64 0
4 0.882500 398.84 366.27 427.66 409.00 0
3 0.871482 381.60 319.59 407.23 345.81 0
3 0.864037 391.94 287.23 412.36 305.83 0
3 0.844021 91.09 393.69 142.57 432.76 0
3 0.837151 273.20 300.09 300.19 320.41 0
3 0.833485 494.54 294.96 512.64 314.31 0
3 0.817782 511.95 238.75 524.05 248.45 0
3 0.808928 441.36 264.00 455.97 279.35 0
3 0.796418 471.40 246.54 484.75 259.33 0
3 0.795688 597.48 280.72 617.06 296.09 0
3 0.790397 556.80 265.24 573.26 280.29 0
3 0.782319 487.57 242.39 499.52 253.21 0
3 0.771927 443.71 222.86 453.31 231.25 0
3 0.742807 287.71 292.43 310.35 308.68 0
3 0.742364 475.88 222.56 485.72 231.04 1
4 0.733899 0.00 440.10 59.37 513.12 0
3 0.729648 43.53 414.53 102.08 460.08 0
2 0.727024 601.88 491.53 615.87 520.33 0
3 0.708939 488.96 216.18 497.52 223.81 0
1 0.705304 568.40 328.27 576.08 343.14 0
3 0.699709 677.68 511.92 733.73 539.83 0
3 0.687778 483.77 220.52 492.08 227.77 1
1 0.686682 603.60 481.98 616.22 509.75 0
0 0.683812 743.28 358.57 752.19 380.13 0
1 0.676757 560.00 361.02 569.37 377.99 0
1 0.672605 285.29 385.44 295.70 405.68 0
0 0.665691 709.27 395.38 720.17 416.50 0
1 0.665407 639.42 511.51 652.23 534.85 0
1 0.658824 538.27 307.80 544.81 320.77 0
9 0.652476 623.58 480.36 639.85 509.66 0
9 0.646719 62.62 481.34 90.31 506.07 0
0 0.638075 859.83 500.13 876.06 530.93 0
1 0.633020 550.68 313.03 557.06 326.90 0
9 0.628827 516.46 296.76 522.87 308.82 1
1 0.618529 69.77 479.64 86.80 503.46 0
1 0.611841 625.26 473.88 639.82 500.93 0
9 0.605922 248.32 310.39 266.20 322.65 0
6 0.604628 471.37 294.36 484.14 313.24 1
9 0.603492 568.46 333.41 576.04 348.06 0
1 0.601106 516.70 293.38 522.59 304.39 1
1 0.582018 526.99 283.86 532.50 294.85 0
1 0.569620 522.42 277.95 527.42 288.70 0
9 0.557710 559.90 365.98 569.54 383.90 0
4 0.556206 607.44 310.65 637.41 335.86 0
9 0.552758 711.60 357.39 724.67 372.77 0
9 0.551545 36.85 489.34 64.49 526.84 0
9 0.550669 670.26 317.00 686.11 327.71 0
3 0.548956 507.58 223.77 516.41 232.24 0
9 0.542531 797.92 438.02 828.97 459.21 0
3 0.542210 504.32 216.97 513.62 224.08 0
9 0.539225 715.25 370.85 734.11 384.36 0
9 0.509372 400.04 265.78 404.93 274.41 0
3 0.503125 504.35 221.70 514.73 229.46 0
0 0.500992 655.62 289.23 661.55 303.67 0
9 0.492235 522.08 280.39 527.47 290.49 0
1 0.489190 400.45 261.18 405.02 270.26 0
3 0.488365 499.19 207.85 505.58 214.10 0
9 0.480692 714.36 365.93 735.60 381.23 0
1 0.478114 522.32 276.92 527.56 286.52 1
9 0.477580 940.02 488.49 960.00 514.24 0
3 0.471569 503.23 212.50 511.98 219.18 0
0 0.469518 550.87 312.73 557.06 329.10 1
9 0.457712 638.95 519.23 654.44 540.00 0
9 0.456998 257.48 302.27 274.26 314.70 0
9 0.437077 821.41 453.39 864.40 480.06 0
9 0.428384 819.96 453.93 841.78 479.25 0
9 0.424724 792.19 434.41 824.85 455.94 0
9 0.419131 550.96 317.74 557.28 329.54 0
3 0.417832 475.37 210.23 482.84 218.04 0
9 0.409976 527.14 288.98 532.83 298.73 0
1 0.406338 510.11 254.10 516.00 263.44 0
9 0.398643 772.30 417.70 797.85 436.66 0
1 0.394575 510.60 254.04 514.68 263.44 1
2 0.370890 284.39 393.13 296.31 412.96 0
1 0.364016 547.91 300.57 554.46 313.68 0
9 0.363569 784.70 421.08 809.99 439.08 0
9 0.360669 548.12 304.10 555.02 315.79 0
2 0.333807 537.90 311.58 544.76 325.74 0
3 0.328366 476.02 221.28 487.45 230.70 0
9 0.316602 225.65 319.97 247.28 334.78 0
3 0.314450 459.43 193.98 465.69 199.15 0
9 0.313366 510.16 257.87 516.00 266.06 0
9 0.310282 537.67 311.02 544.69 323.83 1
9 0.304658 526.93 285.31 532.93 298.87 1
