3 0.920344 378.81 373.55 439.71 445.79 0
3 0.918463 1066.02 559.55 1183.12 637.22 0
3 0.916385 81.29 420.46 160.23 489.01 0
3 0.916064 773.34 576.38 841.32 690.60 0
3 0.913023 1106.29 606.84 1234.67 697.95 0
3 0.912482 1008.10 469.51 1143.44 531.03 0
3 0.911383 39.65 353.45 126.11 422.75 0
3 0.910747 419.43 284.97 468.63 347.20 0
3 0.906052 110.83 281.38 183.32 328.58 0
3 0.900605 209.74 463.18 335.92 518.65 0
3 0.895731 1143.13 671.75 1282.88 765.00 0
3 0.893764 491.84 262.09 531.03 316.28 0
3 0.890087 0.00 437.28 50.53 510.00 0
3 0.890061 742.08 487.86 837.07 585.13 0
5 0.884597 213.05 268.17 307.44 379.36 0
3 0.880893 233.68 212.26 318.34 245.02 0
3 0.877127 686.17 200.06 718.90 235.07 0
3 0.876964 739.10 329.80 779.97 376.89 0
3 0.876775 846.20 269.72 894.14 310.61 0
3 0.870096 852.54 712.08 1032.58 765.00 0
3 0.867107 484.19 167.15 516.23 200.75 0
3 0.862194 624.95 98.96 648.36 124.14 0
3 0.859411 729.37 285.87 767.34 332.73 0
3 0.859364 741.69 239.53 820.97 275.93 0
3 0.856145 700.87 160.77 729.07 190.29 0
4 0.851865 893.92 174.19 928.82 210.84 0
3 0.851657 358.42 178.35 397.73 211.16 0
3 0.845053 685.38 102.83 709.98 126.08 0
3 0.840298 343.41 96.33 368.87 119.53 0
3 0.837284 286.46 260.97 328.69 311.05 0
3 0.836141 345.12 150.39 382.19 179.13 0
3 0.831321 226.60 425.32 329.39 473.11 0
3 0.830321 772.60 373.05 880.83 425.17 0
3 0.824757 494.03 105.96 550.83 129.99 0
3 0.820732 416.55 99.63 445.34 124.71 0
3 0.816570 374.05 99.04 399.11 121.30 0
3 0.799254 371.85 48.02 405.77 69.39 0
3 0.796460 770.01 429.52 892.84 489.31 0
0 0.785686 984.30 440.95 998.40 473.34 0
3 0.784559 350.22 135.23 411.05 159.28 0
3 0.784365 668.37 43.88 689.13 61.53 0
3 0.780661 787.07 14.75 822.20 31.06 0
3 0.779420 669.08 74.86 691.07 97.02 0
3 0.775378 424.98 4.04 444.85 20.16 0
3 0.769431 370.16 238.70 453.44 273.35 0
3 0.769374 876.42 158.44 910.50 190.59 0
3 0.762473 678.93 53.67 704.79 72.05 0
0 0.760729 922.59 328.65 936.02 361.96 0
3 0.747826 696.14 87.60 718.28 108.82 0
3 0.747346 334.06 263.29 425.55 299.48 0
3 0.746797 828.80 402.98 951.32 449.58 0
3 0.745878 870.02 137.00 898.36 166.39 0
3 0.740396 638.04 15.64 671.76 32.48 0
9 0.735949 1007.45 346.25 1043.74 370.48 0
3 0.728905 350.25 79.49 393.61 101.71 0
5 0.728561 571.76 0.11 587.59 14.33 2
9 0.694741 773.10 64.57 791.74 75.98 3
3 0.689012 437.14 80.01 463.17 103.95 0
3 0.684065 693.86 63.99 712.68 86.15 0
9 0.676297 918.49 214.35 943.16 232.14 0
0 0.674690 808.93 95.97 816.95 116.11 0
3 0.670673 497.55 145.19 529.30 176.59 0
3 0.662427 599.04 1.19 615.33 18.61 0
9 0.654181 859.28 129.42 879.09 145.27 0
0 0.651890 409.62 100.76 415.93 121.42 1
3 0.647350 687.88 21.15 717.00 38.43 0
9 0.645963 851.48 108.64 869.20 120.20 3
3 0.645699 520.26 79.60 550.18 107.34 0
3 0.631567 444.77 68.43 468.71 88.20 0
9 0.630887 929.36 224.94 952.35 244.36 0
3 0.629776 548.05 26.81 567.13 46.65 0
4 0.617879 722.88 13.31 763.15 32.73 0
3 0.616678 674.48 32.07 694.23 47.63 0
4 0.605854 490.82 7.10 512.96 28.92 0
3 0.599575 691.97 42.10 713.89 60.40 0
3 0.595393 541.25 44.11 563.57 61.76 0
3 0.576930 395.90 42.65 413.25 58.25 1
0 0.563095 798.52 96.45 807.61 115.94 0
9 0.560718 845.88 101.74 864.50 117.94 0
3 0.559859 670.05 16.79 695.71 33.51 0
0 0.556449 320.84 70.84 326.47 88.04 1
0 0.553268 405.25 102.49 411.03 120.39 1
3 0.512155 712.66 26.40 758.66 44.10 0
0 0.499179 399.45 95.48 405.65 113.06 1
9 0.495932 839.96 83.36 854.23 95.05 0
3 0.485318 711.34 49.70 758.71 67.12 0
3 0.483916 552.08 6.69 575.29 21.75 0
3 0.479418 713.75 42.24 758.22 58.21 0
4 0.462856 534.50 54.25 560.12 77.76 0
0 0.462784 664.18 54.02 670.16 71.46 2
3 0.447568 388.83 35.16 413.38 58.38 0
9 0.444614 222.59 382.11 272.10 419.26 0
3 0.443222 550.59 14.29 573.55 30.50 0
0 0.437390 390.25 148.99 401.23 173.80 0
3 0.434276 537.37 51.73 560.39 76.97 2
3 0.434070 667.40 5.28 699.86 20.26 0
0 0.418811 764.11 4.17 769.34 18.41 0
0 0.414124 387.24 69.06 394.67 88.26 0
3 0.412463 698.89 0.00 733.67 14.01 0
0 0.405647 327.01 71.49 332.40 87.65 1
0 0.393073 953.09 175.05 963.98 200.98 0
0 0.392002 405.88 97.36 415.35 121.91 0
2 0.382437 249.00 170.27 264.35 187.43 1
3 0.381398 486.70 94.75 536.19 117.14 0
3 0.376156 428.92 0.00 460.03 10.32 0
9 0.375678 766.94 70.67 782.37 81.04 3
0 0.327145 406.71 93.03 412.73 108.87 1
3 0.318827 665.97 0.00 696.16 12.84 0
