3 0.889316 684.51 465.69 796.39 527.29 0
3 0.869819 432.91 536.42 570.21 595.29 0
5 0.863150 190.10 138.63 299.82 209.31 0
3 0.858696 0.03 382.29 59.59 449.51 0
3 0.853729 488.82 506.66 607.56 560.15 0
3 0.850860 473.90 418.42 575.79 467.41 0
3 0.849701 30.95 396.45 118.34 454.65 0
5 0.848054 78.29 131.31 177.11 189.02 0
3 0.845943 656.23 348.94 751.34 388.94 0
3 0.843764 849.52 344.12 897.01 392.58 0
5 0.841428 0.00 229.27 91.18 318.58 0
3 0.838355 492.85 471.23 615.07 521.56 0
3 0.835600 163.01 392.72 225.60 430.24 0
3 0.829095 615.66 326.54 657.32 369.65 0
3 0.821237 887.34 296.84 926.67 339.39 0
5 0.820628 332.79 147.84 425.39 219.75 0
3 0.819969 996.83 126.88 1032.61 149.06 0
3 0.818992 759.14 343.58 801.59 391.18 0
5 0.817610 303.10 139.06 399.96 216.26 0
3 0.817535 809.37 305.06 878.08 345.67 0
3 0.817375 894.05 342.48 941.58 391.38 0
3 0.814797 504.78 447.17 614.55 487.92 0
3 0.810046 804.63 347.80 845.34 392.25 0
3 0.804354 865.54 109.60 878.48 124.64 1
3 0.796428 785.61 235.51 855.37 262.11 0
3 0.786591 215.63 401.30 271.82 434.66 0
3 0.785742 101.20 398.23 164.06 431.65 0
4 0.758896 1216.14 144.19 1258.81 166.24 0
5 0.755892 147.16 135.97 261.67 205.38 0
3 0.751569 580.13 329.34 614.53 369.21 0
0 0.743884 1133.54 159.29 1143.07 178.79 0
3 0.722306 1037.01 105.82 1058.52 120.75 0
3 0.720769 806.39 252.10 859.67 284.28 0
4 0.715408 921.84 104.66 943.37 129.27 0
3 0.714438 853.50 66.06 869.23 78.86 0
5 0.686115 1305.18 151.68 1360.00 200.92 0
4 0.677927 685.55 122.93 714.76 141.68 0
3 0.669537 1194.65 137.38 1239.47 155.38 0
3 0.648840 711.88 61.56 739.69 71.78 1
3 0.636640 913.12 178.38 947.63 210.73 0
5 0.600494 1272.35 152.04 1323.29 185.52 0
9 0.597603 1059.41 147.18 1078.57 158.85 0
3 0.588777 830.36 36.82 838.72 44.33 1
0 0.577217 863.94 152.70 872.09 172.12 0
3 0.554976 839.94 51.64 851.17 60.29 1
5 0.526496 0.16 143.06 47.48 195.34 0
3 0.489925 802.44 25.72 811.04 31.95 1
1 0.479765 1040.48 160.73 1049.54 175.27 0
0 0.474521 870.29 85.57 873.83 95.46 1
3 0.470459 914.73 97.79 930.63 111.97 0
0 0.464069 875.15 86.30 879.18 96.18 1
3 0.459079 839.83 44.25 849.47 51.82 1
5 0.441404 35.23 133.20 101.07 181.80 0
3 0.425173 769.47 43.63 795.79 55.73 0
9 0.407919 845.69 88.17 852.30 97.44 1
0 0.407788 741.74 51.48 745.24 60.08 1
1 0.397119 1065.47 142.57 1074.90 155.97 0
5 0.395718 0.00 129.54 34.29 187.98 0
0 0.388122 928.58 47.24 931.79 54.49 1
0 0.378295 868.41 99.28 872.92 109.25 1
3 0.377648 744.77 128.04 788.92 147.77 0
3 0.374166 857.09 43.88 869.17 55.03 0
9 0.372657 898.96 125.86 906.11 135.14 1
3 0.356318 834.89 51.82 852.43 62.95 0
3 0.349595 686.40 61.85 711.00 71.11 1
3 0.343183 819.59 41.82 834.09 52.00 0
9 0.309412 895.35 41.00 900.64 46.73 1
