0 0.874998 196.19 299.47 249.29 411.95 0
0 0.872730 286.83 212.63 322.98 293.69 0
0 0.856087 22.02 158.88 60.10 222.66 0
0 0.847164 275.18 381.81 327.35 489.43 0
0 0.840737 465.29 234.51 495.90 326.79 0
0 0.829092 128.49 167.52 162.93 231.98 0
0 0.827669 241.72 61.81 253.78 96.92 2
0 0.824290 299.13 50.93 310.64 82.88 2
0 0.823894 157.39 319.72 208.61 424.54 0
0 0.820192 346.40 163.47 369.66 229.55 0
0 0.820156 34.86 126.75 60.09 175.26 0
0 0.815146 171.68 174.06 195.18 227.02 0
0 0.813887 496.43 234.44 528.63 324.88 0
0 0.811400 286.72 53.34 297.45 84.15 2
0 0.789894 275.83 49.27 285.48 83.46 2
0 0.788585 308.81 124.63 329.39 175.24 0
0 0.783294 371.04 115.51 385.99 161.14 0
0 0.764909 343.91 42.75 354.38 67.92 0
0 0.761238 392.05 75.84 406.83 115.80 0
0 0.760061 179.67 47.00 193.08 76.26 3
0 0.750416 433.82 80.55 447.82 117.14 0
0 0.737797 182.91 15.31 191.42 35.65 3
0 0.730061 135.82 39.46 151.14 66.13 3
0 0.714975 165.94 86.77 187.43 127.63 0
0 0.707821 498.08 482.95 541.79 540.00 0
0 0.702063 457.39 51.36 466.98 81.12 0
0 0.700783 422.15 67.24 433.79 96.33 0
0 0.699516 158.14 53.79 169.67 80.75 0
0 0.699311 482.42 32.82 493.24 59.48 0
0 0.694151 332.80 12.50 340.03 31.63 0
0 0.691166 267.83 36.49 277.14 61.75 2
0 0.688968 238.93 12.72 245.54 34.46 2
0 0.688762 258.68 10.91 265.53 28.66 2
0 0.686736 353.43 30.98 362.02 54.57 0
0 0.684922 354.40 10.50 360.78 28.15 0
0 0.682040 32.08 11.15 41.70 30.62 0
0 0.681417 467.05 47.82 478.52 79.75 0
0 0.678893 345.58 10.47 352.55 29.92 0
0 0.672642 152.39 32.94 163.25 56.94 3
0 0.661005 297.75 25.83 304.88 46.25 2
0 0.653150 51.64 43.52 69.86 77.65 0
0 0.651453 148.08 15.31 154.78 34.21 3
0 0.643634 62.05 4.70 70.48 22.18 0
0 0.640373 405.12 36.69 418.50 67.04 0
0 0.638526 495.36 52.73 507.15 82.64 0
0 0.637168 448.09 26.35 455.67 46.39 0
0 0.630840 174.84 18.83 182.26 39.02 3
0 0.623649 111.64 17.29 119.70 37.83 0
0 0.612863 362.94 25.22 371.62 48.78 0
0 0.608792 250.00 16.17 256.08 32.15 2
0 0.606178 207.88 24.28 215.38 45.13 0
0 0.605759 157.50 23.29 164.49 44.96 3
0 0.603830 434.35 29.12 442.44 51.13 0
0 0.603466 0.00 86.87 13.17 118.82 0
0 0.599941 284.94 29.94 292.47 48.07 2
0 0.575254 11.99 82.54 31.59 116.31 0
0 0.572603 0.47 12.96 12.20 33.90 0
0 0.548880 281.82 0.22 287.38 17.85 2
0 0.545830 193.30 10.13 203.53 31.46 0
0 0.538658 5.65 69.12 20.75 98.22 0
0 0.538442 175.64 60.63 184.65 76.49 3
0 0.535682 219.78 18.61 228.01 42.20 2
0 0.531522 19.13 3.29 30.62 26.85 0
0 0.527608 406.30 0.02 412.49 17.34 0
0 0.527112 380.33 11.36 387.09 29.15 0
0 0.523066 202.50 11.14 208.93 28.13 3
0 0.520487 246.36 174.90 272.42 222.36 0
0 0.519359 556.43 28.70 562.68 49.20 1
0 0.512723 469.33 34.59 478.73 58.25 0
2 0.505799 243.16 185.74 283.37 222.12 0
0 0.504781 206.97 9.45 214.35 27.74 0
0 0.503276 244.40 12.69 251.66 31.99 0
0 0.497164 455.55 29.62 464.42 57.20 0
0 0.491283 367.02 7.39 373.34 23.54 0
0 0.486821 216.27 19.08 224.12 42.53 2
0 0.482937 125.15 40.56 136.69 62.75 0
0 0.472498 10.30 10.25 20.68 30.12 0
0 0.469615 270.48 6.47 277.21 23.81 2
0 0.467839 293.69 28.39 300.95 47.88 2
0 0.465935 48.87 32.66 62.54 61.21 0
0 0.463536 393.19 1.29 398.95 17.72 0
0 0.450273 176.51 3.12 182.68 19.37 3
0 0.448423 246.45 11.77 254.19 30.53 0
0 0.438888 174.60 51.19 183.98 76.23 0
0 0.433582 530.14 17.77 537.57 37.64 0
0 0.430861 136.03 5.56 145.09 24.00 3
0 0.425921 266.26 29.44 275.00 46.44 2
0 0.415950 524.64 22.00 531.48 38.91 0
0 0.414907 120.08 23.58 128.42 43.28 3
0 0.414906 428.12 7.80 435.82 26.87 0
0 0.403428 416.32 0.00 422.18 15.74 0
0 0.389837 166.67 22.75 175.44 41.28 3
0 0.385401 288.90 24.66 296.11 42.22 2
0 0.383752 191.61 3.98 199.35 22.12 3
0 0.383450 135.15 15.73 143.97 38.75 0
0 0.373610 272.50 8.80 279.20 28.38 2
0 0.370346 136.43 22.98 142.99 40.85 3
0 0.365072 426.59 13.02 434.72 31.89 0
0 0.364705 406.43 14.87 413.28 32.37 0
0 0.348651 472.27 21.30 479.48 41.21 0
0 0.344696 162.88 16.62 170.23 37.35 0
0 0.338226 201.67 0.00 207.73 9.07 3
0 0.337300 423.38 0.00 429.14 15.89 0
0 0.331744 170.25 19.14 177.97 40.07 0
0 0.331085 546.51 28.06 555.29 48.86 0
0 0.330480 155.67 0.38 164.36 16.11 0
0 0.327213 177.54 46.61 187.78 75.63 0
0 0.327150 544.99 29.74 550.55 48.25 1
0 0.314379 123.60 32.07 132.14 61.43 0
0 0.308639 197.30 0.00 202.23 6.66 3
