0 0.835816 1524.29 871.32 1582.51 1025.49 0
0 0.792677 935.58 736.41 960.70 815.73 2
0 0.777902 768.25 733.80 792.76 804.67 0
0 0.766539 1875.90 881.28 1919.78 1029.78 0
0 0.766027 721.07 665.21 741.98 721.99 3
0 0.754430 216.19 648.18 237.23 702.25 1
0 0.738678 935.33 659.92 954.61 714.23 2
0 0.733245 307.20 622.88 322.72 671.25 1
0 0.711280 1461.74 868.16 1511.48 1000.96 0
3 0.701791 941.49 619.45 1035.39 657.99 2
9 0.699088 386.25 626.48 424.44 658.06 1
0 0.696194 715.92 602.85 727.50 633.63 3
0 0.692017 468.43 690.56 494.95 763.87 0
0 0.691372 1165.69 706.94 1200.56 799.05 0
0 0.664525 1206.32 712.06 1238.80 799.61 0
0 0.655433 629.08 605.21 641.62 642.22 3
0 0.648599 437.18 695.66 464.69 763.04 0
0 0.645683 165.11 705.37 189.06 780.98 0
0 0.641587 219.51 728.45 241.64 800.32 0
0 0.637338 862.34 660.72 881.85 712.04 0
0 0.635477 192.49 708.46 214.22 777.71 0
0 0.630847 774.13 602.96 784.79 638.70 3
0 0.626979 766.35 606.29 776.75 637.69 3
0 0.616396 199.30 649.80 215.10 696.29 1
0 0.601204 778.80 580.45 787.99 607.05 3
0 0.590737 424.61 687.18 444.13 735.65 0
0 0.580073 229.37 635.67 244.20 681.64 1
0 0.574832 239.92 728.12 263.38 799.36 0
3 0.571560 136.28 626.26 236.07 662.01 0
0 0.563543 1049.29 679.86 1073.18 735.22 2
0 0.560248 732.96 599.65 744.66 632.67 3
3 0.549291 183.32 622.71 251.85 660.86 1
0 0.546301 1059.29 680.17 1080.25 734.63 2
0 0.535027 875.13 725.37 898.51 797.53 0
0 0.532129 621.05 702.26 646.49 772.49 0
0 0.524604 261.81 638.85 286.90 685.67 1
0 0.518883 464.83 642.57 482.79 694.69 0
0 0.502612 224.79 701.75 247.61 768.62 1
3 0.500399 1013.17 641.56 1082.37 692.59 2
0 0.488497 952.43 659.23 969.77 716.18 2
0 0.478417 249.17 712.12 269.24 773.93 0
0 0.474809 30.12 820.25 80.77 928.41 0
2 0.473311 120.43 736.63 170.55 779.38 0
0 0.468104 768.48 581.56 776.58 608.90 3
1 0.460633 830.00 653.89 849.88 700.47 0
0 0.459305 1534.50 780.18 1582.31 891.06 0
0 0.459172 609.06 712.84 632.51 778.12 0
1 0.449393 31.57 820.02 79.39 922.50 0
0 0.427457 785.57 612.04 797.55 640.67 0
1 0.422932 1127.51 975.36 1179.08 1077.92 0
9 0.415512 338.15 629.94 372.99 656.40 0
9 0.415010 349.18 619.83 373.61 655.47 1
0 0.410682 254.71 713.94 275.47 782.77 0
0 0.403670 42.87 746.17 72.78 798.66 0
2 0.403399 326.03 630.50 369.23 656.77 1
0 0.402514 486.73 645.96 501.74 691.74 0
0 0.401616 1128.90 974.55 1179.36 1078.64 0
0 0.397244 926.04 613.61 937.50 645.85 2
0 0.383408 807.95 614.37 820.19 643.84 0
0 0.375760 439.01 642.42 456.15 684.20 0
0 0.369779 835.36 623.97 850.21 660.58 0
0 0.361433 770.30 609.18 781.55 640.75 0
0 0.347720 574.53 614.62 589.87 653.58 3
1 0.345026 43.63 745.96 72.63 797.33 0
0 0.330091 523.47 651.56 537.47 693.76 0
1 0.324919 388.09 620.16 423.50 658.03 1
1 0.320419 582.86 712.70 610.85 772.18 0
0 0.320306 839.35 600.63 850.28 630.82 0
0 0.318378 680.25 637.27 696.33 687.47 3
0 0.314805 903.35 583.42 912.93 615.15 2
0 0.308427 749.74 583.09 758.77 611.09 3
