3 0.920071 528.41 581.14 661.64 650.14 0
3 0.915909 702.96 380.74 753.02 436.30 0
3 0.905951 481.86 404.23 590.51 450.74 0
3 0.902627 653.08 332.58 727.12 374.54 0
3 0.899249 255.86 526.52 383.00 595.83 0
3 0.894193 747.59 380.28 801.24 430.69 0
3 0.892224 1091.78 265.13 1140.21 296.11 0
3 0.888178 297.17 568.09 431.99 623.58 0
4 0.886388 642.71 104.83 691.39 126.99 0
3 0.886040 737.96 316.49 774.05 362.10 0
3 0.883448 603.57 388.61 646.96 445.60 0
3 0.879502 653.42 391.17 696.79 440.21 0
3 0.877477 429.52 375.08 476.95 427.06 0
3 0.873289 278.98 664.68 429.96 732.71 0
3 0.872974 617.10 239.60 690.20 266.51 0
3 0.868575 285.68 610.08 438.13 677.70 0
3 0.865620 959.33 127.38 996.44 145.68 0
5 0.863483 1134.50 117.40 1240.74 161.80 0
3 0.859032 386.14 385.42 423.92 430.24 0
3 0.852923 988.00 181.37 1020.96 204.49 0
3 0.843687 954.74 98.98 996.18 115.79 0
3 0.843214 643.22 259.46 689.52 294.22 0
3 0.833401 857.00 78.82 881.29 93.45 0
9 0.819062 1175.99 545.59 1216.89 587.77 0
5 0.816853 36.12 144.04 190.01 235.73 0
3 0.812658 687.79 24.01 701.63 36.02 0
3 0.809233 665.63 29.23 679.03 40.62 0
5 0.808588 151.16 245.68 291.84 293.75 0
3 0.804912 676.61 37.79 688.71 49.48 0
3 0.802842 631.86 10.97 642.67 21.12 0
4 0.791174 739.58 68.23 760.58 91.18 1
4 0.791079 548.47 105.76 589.85 128.07 0
3 0.787437 715.17 76.72 734.63 92.02 1
6 0.782578 936.87 155.05 959.08 177.05 0
3 0.777691 212.65 725.74 385.66 765.00 0
3 0.777309 978.07 93.38 1016.05 111.80 0
3 0.772820 682.89 48.35 698.84 61.96 0
3 0.765070 702.03 59.28 717.74 72.97 0
3 0.753911 657.97 17.16 671.09 28.29 0
0 0.742267 751.45 129.65 759.34 148.96 0
3 0.727847 676.30 15.85 688.62 25.69 0
9 0.711904 0.00 534.78 33.03 589.76 0
9 0.710453 878.72 124.95 895.88 136.78 0
3 0.704376 705.57 68.51 722.87 82.75 1
3 0.688617 855.92 66.67 873.88 79.62 2
3 0.682999 773.49 74.17 794.61 91.93 0
3 0.672279 722.58 55.76 739.78 72.42 1
5 0.669274 49.36 131.93 154.91 200.71 0
1 0.664959 1186.26 537.99 1211.59 576.85 0
3 0.656776 713.76 46.09 731.49 62.49 0
5 0.652736 33.91 134.19 154.79 230.45 0
3 0.651239 573.13 0.26 599.68 8.83 0
3 0.615132 631.59 0.89 644.97 6.97 0
3 0.607714 688.21 41.44 700.14 53.36 1
3 0.607400 731.55 63.70 746.29 79.77 0
9 0.591613 41.69 538.49 92.90 581.42 0
3 0.590781 631.97 0.23 642.19 6.94 1
3 0.577959 656.90 4.69 668.94 14.48 1
6 0.563667 806.59 85.96 827.34 100.21 2
1 0.550588 882.91 120.35 892.07 134.31 2
1 0.530388 728.07 125.88 735.61 140.88 1
9 0.529687 41.91 520.51 89.68 564.87 0
0 0.525623 897.58 90.63 904.18 105.25 2
3 0.516015 506.31 0.05 530.78 8.48 0
3 0.514390 515.14 19.85 545.47 31.10 0
9 0.479611 666.82 64.20 674.40 74.22 0
3 0.471063 724.81 58.87 743.21 72.85 0
0 0.469750 575.34 22.21 579.78 32.49 0
1 0.468055 940.72 152.60 950.33 166.48 2
3 0.459211 484.58 19.96 512.22 30.86 0
0 0.432021 763.68 178.97 771.38 197.52 0
1 0.426053 1162.42 490.90 1183.03 520.86 0
1 0.422906 667.61 61.21 673.69 71.91 1
0 0.418923 740.50 83.03 747.24 102.70 1
4 0.393600 670.57 9.11 681.33 21.08 0
3 0.378824 670.90 8.48 680.16 19.71 1
0 0.357035 769.27 84.02 776.88 103.21 1
1 0.355905 667.49 60.26 673.06 69.87 1
9 0.350408 726.83 129.40 735.81 143.91 0
